
Call:
att_gt(yname = "log_emp", tname = "t", idname = "state_fips", 
    gname = "cohort_hike_05", xformla = ~1, data = panel, panel = TRUE, 
    allow_unbalanced_panel = FALSE, control_group = "notyettreated", 
    anticipation = 0, bstrap = TRUE, cband = TRUE, biters = bootstrap_iterations, 
    clustervars = "state_fips", est_method = "reg", base_period = "universal", 
    print_details = TRUE)

Reference: Callaway, Brantly and Pedro H.C. Sant'Anna.  "Difference-in-Differences with Multiple Time Periods." Journal of Econometrics, Vol. 225, No. 2, pp. 200-230, 2021. <https://doi.org/10.1016/j.jeconom.2020.12.001>, <https://arxiv.org/abs/1803.09015> 

Group-Time Average Treatment Effects:
 Group Time ATT(g,t) Std. Error [95% Simult.  Conf. Band]  
    21    1  -0.0687     0.0383       -0.1805      0.0431  
    21    2  -0.0517     0.0402       -0.1692      0.0658  
    21    3  -0.0463     0.0385       -0.1586      0.0660  
    21    4  -0.0308     0.0312       -0.1220      0.0605  
    21    5  -0.0511     0.0267       -0.1290      0.0268  
    21    6  -0.0295     0.0295       -0.1158      0.0567  
    21    7  -0.0300     0.0290       -0.1145      0.0546  
    21    8  -0.0170     0.0228       -0.0834      0.0495  
    21    9  -0.0390     0.0161       -0.0861      0.0080  
    21   10  -0.0217     0.0199       -0.0799      0.0365  
    21   11  -0.0222     0.0200       -0.0805      0.0361  
    21   12  -0.0111     0.0116       -0.0451      0.0229  
    21   13  -0.0261     0.0126       -0.0629      0.0108  
    21   14  -0.0149     0.0148       -0.0582      0.0285  
    21   15  -0.0127     0.0168       -0.0618      0.0363  
    21   16  -0.0108     0.0057       -0.0273      0.0058  
    21   17  -0.0296     0.0059       -0.0469     -0.0123 *
    21   18  -0.0043     0.0093       -0.0315      0.0229  
    21   19  -0.0095     0.0118       -0.0440      0.0249  
    21   20   0.0000         NA            NA          NA  
    21   21  -0.0156     0.0043       -0.0283     -0.0029 *
    21   22  -0.0032     0.0069       -0.0234      0.0171  
    21   23  -0.0114     0.0097       -0.0398      0.0171  
    21   24  -0.0048     0.0071       -0.0255      0.0160  
    21   25  -0.0353     0.0092       -0.0623     -0.0083 *
    21   26  -0.0195     0.0089       -0.0456      0.0065  
    21   27  -0.0252     0.0170       -0.0749      0.0246  
    21   28  -0.0209     0.0120       -0.0561      0.0142  
    21   29  -0.0421     0.0103       -0.0724     -0.0119 *
    21   30  -0.0223     0.0150       -0.0660      0.0214  
    21   31  -0.0231     0.0186       -0.0775      0.0313  
    21   32  -0.0181     0.0118       -0.0526      0.0163  
    21   33  -0.0350     0.0160       -0.0816      0.0116  
    21   34  -0.0121     0.0178       -0.0641      0.0400  
    21   35  -0.0110     0.0228       -0.0777      0.0556  
    21   36  -0.0118     0.0189       -0.0671      0.0435  
    21   37  -0.0371     0.0179       -0.0894      0.0152  
    21   38  -0.0128     0.0216       -0.0760      0.0504  
    21   39  -0.0125     0.0249       -0.0851      0.0601  
    21   40  -0.0163     0.0174       -0.0671      0.0344  
    21   41  -0.0461     0.0201       -0.1048      0.0126  
    21   42  -0.0209     0.0234       -0.0892      0.0473  
    21   43  -0.0235     0.0277       -0.1044      0.0575  
    21   44  -0.0306     0.0227       -0.0969      0.0357  
    23    1  -0.0670     0.0672       -0.2634      0.1294  
    23    2  -0.0713     0.0811       -0.3083      0.1657  
    23    3  -0.0855     0.0906       -0.3501      0.1790  
    23    4  -0.0595     0.0686       -0.2598      0.1407  
    23    5  -0.0577     0.0568       -0.2236      0.1081  
    23    6  -0.0571     0.0500       -0.2031      0.0890  
    23    7  -0.0738     0.0682       -0.2730      0.1254  
    23    8  -0.0554     0.0528       -0.2096      0.0987  
    23    9  -0.0508     0.0419       -0.1731      0.0715  
    23   10  -0.0464     0.0361       -0.1519      0.0590  
    23   11  -0.0524     0.0416       -0.1740      0.0692  
    23   12  -0.0255     0.0231       -0.0929      0.0419  
    23   13  -0.0249     0.0178       -0.0769      0.0272  
    23   14  -0.0271     0.0204       -0.0866      0.0325  
    23   15  -0.0352     0.0278       -0.1165      0.0462  
    23   16  -0.0206     0.0183       -0.0740      0.0329  
    23   17  -0.0149     0.0113       -0.0479      0.0182  
    23   18  -0.0116     0.0114       -0.0448      0.0217  
    23   19  -0.0194     0.0144       -0.0614      0.0226  
    23   20  -0.0092     0.0065       -0.0282      0.0098  
    23   21  -0.0005     0.0113       -0.0335      0.0325  
    23   22   0.0000         NA            NA          NA  
    23   23  -0.0091     0.0101       -0.0387      0.0204  
    23   24  -0.0009     0.0103       -0.0309      0.0292  
    23   25   0.0065     0.0162       -0.0407      0.0537  
    23   26   0.0038     0.0087       -0.0217      0.0292  
    23   27  -0.0007     0.0059       -0.0179      0.0164  
    23   28   0.0071     0.0139       -0.0336      0.0477  
    23   29   0.0086     0.0184       -0.0451      0.0624  
    23   30   0.0107     0.0155       -0.0344      0.0559  
    23   31  -0.0003     0.0100       -0.0295      0.0289  
    23   32   0.0064     0.0198       -0.0514      0.0642  
    23   33   0.0074     0.0237       -0.0619      0.0768  
    23   34   0.0157     0.0203       -0.0435      0.0750  
    23   35   0.0135     0.0148       -0.0298      0.0568  
    23   36   0.0195     0.0296       -0.0670      0.1059  
    23   37   0.0212     0.0321       -0.0727      0.1150  
    23   38   0.0242     0.0318       -0.0688      0.1172  
    23   39   0.0202     0.0246       -0.0516      0.0919  
    23   40   0.0208     0.0352       -0.0819      0.1235  
    23   41   0.0129     0.0387       -0.1001      0.1258  
    23   42   0.0203     0.0348       -0.0812      0.1219  
    23   43   0.0161     0.0247       -0.0561      0.0884  
    23   44   0.0177     0.0396       -0.0980      0.1334  
    24    1   0.0089     0.0093       -0.0182      0.0360  
    24    2   0.0210     0.0065        0.0019      0.0401 *
    24    3   0.0200     0.0061        0.0021      0.0378 *
    24    4   0.0216     0.0073        0.0004      0.0428 *
    24    5   0.0107     0.0083       -0.0134      0.0348  
    24    6   0.0179     0.0057        0.0013      0.0344 *
    24    7   0.0126     0.0055       -0.0035      0.0287  
    24    8   0.0088     0.0064       -0.0098      0.0274  
    24    9   0.0007     0.0082       -0.0232      0.0247  
    24   10   0.0055     0.0052       -0.0097      0.0208  
    24   11   0.0045     0.0045       -0.0087      0.0177  
    24   12   0.0044     0.0063       -0.0141      0.0229  
    24   13   0.0047     0.0081       -0.0189      0.0283  
    24   14   0.0070     0.0049       -0.0072      0.0213  
    24   15   0.0083     0.0036       -0.0022      0.0189  
    24   16   0.0134     0.0060       -0.0041      0.0309  
    24   17   0.0037     0.0079       -0.0194      0.0268  
    24   18  -0.0010     0.0038       -0.0120      0.0101  
    24   19  -0.0023     0.0018       -0.0077      0.0030  
    24   20   0.0050     0.0056       -0.0112      0.0212  
    24   21  -0.0042     0.0082       -0.0283      0.0199  
    24   22  -0.0020     0.0040       -0.0137      0.0098  
    24   23   0.0000         NA            NA          NA  
    24   24  -0.0032     0.0059       -0.0203      0.0140  
    24   25  -0.0184     0.0102       -0.0481      0.0114  
    24   26  -0.0204     0.0054       -0.0362     -0.0045 *
    24   27  -0.0164     0.0024       -0.0233     -0.0094 *
    24   28  -0.0201     0.0082       -0.0441      0.0038  
    24   29  -0.0183     0.0113       -0.0513      0.0146  
    24   30  -0.0166     0.0076       -0.0387      0.0054  
    24   31  -0.0154     0.0050       -0.0301     -0.0007 *
    24   32  -0.0146     0.0093       -0.0417      0.0125  
    24   33  -0.0208     0.0092       -0.0478      0.0062  
    24   34  -0.0178     0.0082       -0.0417      0.0062  
    24   35  -0.0162     0.0062       -0.0345      0.0020  
    24   36  -0.0236     0.0083       -0.0480      0.0008  
    24   37  -0.0346     0.0105       -0.0651     -0.0040 *
    24   38  -0.0357     0.0091       -0.0624     -0.0090 *
    24   39  -0.0318     0.0080       -0.0552     -0.0084 *
    24   40  -0.0371     0.0098       -0.0659     -0.0084 *
    24   41  -0.0514     0.0119       -0.0862     -0.0166 *
    24   42  -0.0453     0.0113       -0.0783     -0.0123 *
    24   43  -0.0445     0.0103       -0.0745     -0.0144 *
    24   44  -0.0541     0.0115       -0.0877     -0.0205 *
    25    1  -0.0025     0.0192       -0.0584      0.0535  
    25    2   0.0243     0.0151       -0.0198      0.0683  
    25    3   0.0402     0.0202       -0.0187      0.0991  
    25    4   0.0201     0.0135       -0.0194      0.0595  
    25    5   0.0080     0.0141       -0.0333      0.0492  
    25    6   0.0318     0.0148       -0.0116      0.0751  
    25    7   0.0492     0.0221       -0.0153      0.1137  
    25    8   0.0264     0.0112       -0.0063      0.0590  
    25    9   0.0138     0.0140       -0.0270      0.0547  
    25   10   0.0324     0.0149       -0.0110      0.0758  
 [ reached 'max' / getOption("max.print") -- omitted 210 rows ]
---
Signif. codes: `*' confidence band does not cover 0

Control Group:  Not Yet Treated,  Anticipation Periods:  0
Estimation Method:  Outcome Regression
